53
98
99
88
98
63
87
76
99
98
77
96
65
86
99
66
76
88
99
97
87
99
95
87
99
99
76
88
89
55
89
74
87
44
77
85
96
75
88
55
77
88
99
65
99
96
98
99
96
55
64
87
76
86
75
94
88
66
99
96
98
88
88
84
86
99
99
55
74
98
87
87
98
75
88
96
73
98
99
87
99
66
66
88
99
99
99
97
99
89
87
77
99
87
76
97
99
99
89
66
99
98
77
77
99
77
89
84
97
88
99
99
89
85
96
99
98
99
87
99
98
65
87
66
65
97
75
99
98
99
88
96
99
98
98
97
85
77
96
99
96
66
54
85
66
97
99
99
76
84
55
98
97
77
65
72
99
76
97
96
77
96
87
77
88
77
99
98
75
66
65
55
98
76
99
99
64
99
98
75
88
76
77
88
97
76
44
66
99
87
86
98
66
75
65
99
77
65
88
99