55
98
99
88
98
66
88
77
99
98
77
96
66
88
99
66
77
88
99
97
88
99
95
88
99
99
77
88
89
55
89
77
88
44
77
88
96
77
88
55
77
88
99
66
99
96
98
99
96
55
66
88
77
88
77
94
88
66
99
96
98
88
88
88
88
99
99
55
77
98
88
88
98
77
88
96
77
98
99
88
99
66
66
88
99
99
99
97
99
89
88
77
99
88
77
97
99
99
89
66
99
98
77
77
99
77
89
88
97
88
99
99
89
88
96
99
98
99
88
99
98
66
88
66
66
97
77
99
98
99
88
96
99
98
98
97
88
77
96
99
96
66
55
88
66
97
99
99
77
88
55
98
97
77
66
77
99
77
97
96
77
96
88
77
88
77
99
98
77
66
66
55
98
77
99
99
66
99
98
77
88
77
77
88
97
77
44
66
99
88
88
98
66
77
66
99
77
66
88
99